37068327
37076643
37087142
37093158
37097134
37097609
37117099
37128295
37131502
37143223
37152882
37156071
37163467
37164161
37175152
37191468
37203128
37204056
37214469
37220230
37224025
37224965
37226741
37234882
37235785
37236444
37236792
37237099
37241982
37242511
37253547
37266290
37266679
37268671
37269658
37271336
37271646
37272046
37275316
37279815
37281362
37285935
37289554
37290105
37291166
37291734
37294270
37294752
37295300
37301517
37314519
37315027
37322139
37334663
37338162
37338689
37342569
37355665
37365601
37369951
37418562
37419661
37420176
37433077
37453107
37470747
37471201
37473165
37474232
37480441
37482621
37490211
37510372
37510889
37511461
37514634
37515073
37515532
37516046
37518760
37519171
37520700
37522335
37522879
37523431
37524542
37557418
37558000
37558540
37568071
37569388
37594269
37594723
37595599
37597355
37606843
37616205
37619844
37620838
37623256
37633824
37634269
37634758
37646496
37647985
37653772
37655331
37667868
37682760
37686231
37686735
37687270
37687825
37689628
37690479
37691774
37693095
37693696
37694172
37694648
37734884
37737571
37751876
38553560
38557246
38557709
38558191
38559623
38560111
38560597
38561638
38562046
38562457
38562927
38566199
38569486
38573426
38573865
38574291
38576524
38577448
38577881
38578287
38581285
38581715
38582939
38583806
38584236
38585087
38585924
38586341
38587160
38587576
38588487
38588654
38588882
38591384
38591825
38592230
38593081
38593570
38594035
38595429
38596357
38599107
38599576
38600465
38600866
38601267
38601694
38602103
38602517
38602940
38604228
38604701
38607378
38608260
38609142
38611403
38612387
38616763
38617661
38618127
38619788
38620639
38624279
38624730
38625197
38626115
38626578
38628026
38628474
38628884
38629339
38630291
38633796
38635129
38635546
38636004
38636431
38636852
38637344
38637817
38642697
41259789
41260786
41261292
41262765
41302900
41303855
41304377
41305318
41305788
41306327
41306823
41308848
41310285
41323515
41323944
41325214
41326041
42183124
42198194
42198574
42201622
42202582
42205432
42205891
42206391
42208252
42209119
42209564
42211418
42213049
42215218
42217380
42217809
42218253
42219170
42220440
42220890
42223272
42223740
42225186
42227743
42229810
42232671
42237188
42238580
42239026
42239441
42240950
42243507
42243946
42246577
42247912
42248327
42248743
42250685
42252964
42253563
42254170
42254664
43376874
43380036
43382066
43382598
43383111
43383602
43386111
43387257
43387842
43390462
43391504
43394357
43395504
43397252
43397825
43400905
43401975
43403538
43404065
43406156
43433391
43433779
43436730
43438791
43443235
43444830
43445388
43446026
43446234
43446615
43448181
43448685
43450811
43451299
43453243
43453542
43454147
43454651
43455698
43455753
43456211
43456213
43456645
43456705
43457165
44636354
44636914
44637445
44638052
44641352
44646647
44648138
44648674
44649217
44649769
44653612
44654698
44656739
44658186
44660554
44661041
44661547
44662024
44662922
44663846
44664835
44665292
44676262
44677170
44677635
44678094
44679518
44679996
44683402
44683964
44684500
44685037
44685580
44686132
44687084
44689508
44690364
44690814
44691688
44696905
44697353
44697880
44699388
44702329
44702767
44703262
44703728
44704191
44705153
44705626
46266070
46266605
46267180
46268920
46268936
46269505
46270123
46271950
46273161
46273696
46274197
46275190
46275677
46276633
46277149
46277251
46278540
46279944
46280401
46280866
46281730
46282673
46283069
46284344
46285236
46285657
46286104
46287356
46288192
46288595
46289009
46290247
46291147
46291578
46292004
46292842
46293255
46293660
46294514
46295342
46297840
46298675
46299539
46300401
46300829
46301255
46301258
46302473
46302906
46303357
46303769
46305399
46305846
46306294
46306775
46307196
46308981
46309417
46310785
46311247
46313073
46313526
46313979
46314874
46315775
46316596
46317434
46317879
46318016
46319844
46320349
46328746
46331282
46331777
46332236
46333191
46337427
46340241
46340719
46341213
46342675
46343156
46343630
46344134
46345971
46346460
46350219
46350717
46351150
46351649
46355424
46355906
46356430
46357446
46359426
46372965
46374136
46374531
46375022
46375959
46376445
46376910
46377391
46377847
46378333
46378559
46378793
46379281
46379719
46380174
46383288
46383829
46384342
46385957
46387982
46388511
48627913
48628482
48629090
48631683
48639085
48640036
48640529
48643231
48643678
48647382
48647858
48648832
48652045
48653034
48654074
48654568
48655120
48660093
48660583
48661079
48661586
48662571
48663036
48668642
48669097
48670037
48670963
48671417
48671870
48672320
48672791
48673262
48675814
48676298
48678232
48679162
48680540
48681002
48682417
48683436
48683984
48888928
48889383
48889802
48890283
48890782
48895334
48896296
48897630
48898530
48899508
48899992
48902365
48902895
48903835
48904780
48906717
48907173
48913632
48914581
48915492
48916379
48917806
48918764
48919233
48920139
48920622
48921554
48922060
48923058
48923552
48925799
48926460
48936503
48937045
48939108
48940614
48941089
48941562
48942075
48942560
48943013
48944414
48944900
48945318
48945739
48946610
48948035
48950839
48951320
48952258
48952760
48953323
48954268
48954750
48955273
48958667
48959147
48959725
48960561
48960997
48961483
48961949
48962917
48963416
48964360
48964829
48965311
48965776
48966197
48967584
48968070
48968507
48969374
51149737
51150228
51151798
51152179
51152326
51152862
51153389
51153901
51154401
51156413
51157482
51158898
51159338
51159810
51161170
51161591
51162051
51163356
51163808
51164265
51165195
51165626
51167023
51167452
51168327
51168812
51169270
51170184
51170618
51171060
51171507
51171951
51172816
51173657
51174124
51175065
51176039
51176480
51176961
51177428
51178395
51178876
51179374
51179383
51179890
51180378
51180896
51181355
51182266
51182422
51187630
51189131
51189982
51190920
51193594
51195666
51196140
51196314
51196781
51197143
51197667
51198692
51198724
51199243
51200250
51202445
51203509
51204618
51205160
51207373
51207450
51207872
51207912
51209592
51210248
51211878
51216326
51216863
51216877
51217368
51217379
51217866
51218805
51219302
51219455
51220014
51220505
51221017
51221565
51227718
51228225
51232731
51234186
51234668
51235693
51236192
51236677
51236765
51239632
51240121
51240813
51241049
51241242
51242537
52944505
52945487
52946003
52947537
52948050
52954362
52954875
52955417
52957565
52958591
52963458
52964504
52966119
52966624
52967668
52968184
52968692
52971256
52971751
52972781
52973317
52973812
52974899
52975904
52978546
52980662
52982143
52982637
52984105
52984612
52991171
52994085
52996545
52997022
52997512
52997991
52998461
53000948
53001954
53002927
53003450
53004620
53030314
55979849
55980178
55985046
55985481
55986315
55987661
55988097
55988564
55989388
55995101
56003542
56006753
56010164
56011623
56012631
56014972
56015473
56017314
56017763
56018607
56019091
56020001
56020419
56021319
56022215
56023159
56023612
56026413
56027780
56028703
56029177
56030570
56031876
56032323
56033657
56035382
56035581
56036595
56039487
56039865
56040089
56040255
56040499
56040724
56041582
56042084
56042511
56043364
56044162
56044584
56045031
56051307
56052236
56052678
56053114
56897145
56897592
56898074
56898283
56898544
56899025
56899603
56899993
56900449
56900857
56901393
56901952
56902435
56903792
56904676
56910295
56911210
56911658
56912122
56915825
56933492
56933967
56934441
56934918
56936304
56937231
56937697
56938636
56939109
56939528
56939993
56940040
56940423
56941265
56941742
56947808
56948004
56948273
56948733
56949679
56964066
56964518
56967634
56968075
56968485
56969334
56969744
56970140
56970570
56972101
56973530
56974024
56974505
56976504
56976966
56980635
56984273
56984750
56985187
56985652
56986143
56987639
56988435
57470999
57472091
57472643
57473736
57474295
57474836
57474875
57475387
57477051
57477566
57479699
57487454
57487968
57488536
57490828
57491404
57491954
57505287
57506297
57506820
57507296
57507806
57512338
57513848
57514343
57515353
57522899
57527613
57528523
57531899
57534293
57535188
59239799
59240738
59241642
59242606
59244351
59245232
59246143
59247909
59249731
59250547
59251429
59253234
59255856
59262201
59264014
59270551
59274778
59280791
59284430
59285392
59297819
59306734
59310271
