130 5428201 5900522
131 5905001 6113244
132 6113901 6242182
133 6242301 6325256
134 6325301 6421485
135 6421601 6466833
136 6470501 6496181
137 6501101 6559492
138 6564301 6619717
139 6624101 6675092
140 6678801 6732923
141 6737801 6811860
142 6816501 7233073
143 7233301 7679647
144 7684501 8161806
145 8165401 8174755
146 8175701 8669071
147 8673701 8989171
148 8991901 9096130
149 9096401 9241486
150 9242201 9300779
151 9303801 9369049
152 9369401 9623041
153 9626101 9693475
154 9698801 9777405
155 9780501 9816468
156 9816801 9837409
157 9838301 10100669
158 10103101 10387503
159 10388101 10504345
160 10504401 10809498
161 10810301 10823328
162 10823401 10860942
163 10862201 11189136
164 11189301 11502674
165 11502801 11833809
166 11835401 12233751
167 12238001 12695365
168 12698201 13158050
169 13163501 13661943
170 13667201 14163408
171 14168601 14697948
172 14703001 14831169
173 14836201 15102369
174 15103301 15373299
175 15374101 15633530
176 15633901 15891174
177 15891601 16100440
178 16100601 16406903
179 16407001 16495913
180 16496001 16523600
181 16523701 16536387
182 16536401 16541202
183 16541301 16552705
184 16552801 16940969
185 16944301 17335205
186 17340101 17658659
187 17658901 17953303
188 17954201 18194371
189 18194601 18403749
190 18404301 18469615
191 18470101 18675534
192 18675701 18863783
193 18863901 19083611
194 19084001 19315378
195 19315501 19537892
196 19538001 19790210
197 19790401 19817164
198 19817201 19820884
199 19820901 19865063
200 19870401 20200147
201 20202801 20574336
202 20575301 20885557
203 20890501 21152083
204 21157101 21311226
205 21311301 21323797
206 21324901 21608029
207 21608101 21845390
208 21845601 21948677
209 21948801 22163971
210 22164101 22433867
211 22435001 22731449
212 22732001 22948587
213 22949001 23274866
214 23276301 23560057
215 23560701 23809702
216 23809801 24016177
217 24016201 24191981
218 24192901 24496594
219 24497701 24715181
220 24718801 24911401
221 24914101 25020749
222 25024801 25315042
223 25319301 25573263
224 25576901 25866257
225 25867501 25975297
226 25975501 26341302
227 26343301 26541988
228 26547001 26911425
229 26913401 26992908
230 26994001 27391815
231 27393101 27742646
232 27742901 28083821
233 28084901 28212616
234 28213101 28525081
235 28525401 28796353
236 28796601 29132914
237 29133501 29485186
238 29485901 29835072
239 29835401 30201091
240 30205701 30242491
241 30245901 30644799
242 30645101 30966553
243 30971701 31366883
244 31369201 31715965
245 31716801 32054688
246 32055101 32410114
247 32413201 32779413
248 32779701 33079955
249 33080201 33349314
250 33349501 33675045
251 33675401 34059718
252 34060501 34495774
253 34498801 34933073
254 34937201 35315044
255 35317201 35820691
256 35824401 36099452
264 36099501 36357305
265 36357501 36638064
266 36638201 36939616
267 36941401 37345304
268 37361701 37507800
269 37520401 37857192
270 37857401 38105351
271 38105701 38338375
272 38338701 38570502
273 38570901 38854727
274 38857001 39128309
275 39130301 39467110
276 39467401 39732383
277 39732801 39933830
278 39934001 40179611
279 40179701 40483219
280 40485401 40827000
281 40827301 41145041
282 41149701 41495327
283 41496601 41518213
284 41518201 41641020
285 41641101 41749690
286 41755701 41762598
287 41766201 41768743
288 41769901 42103212
289 42105101 42491722
290 42497001 42684965
291 42687301 43067410
292 43071301 43522012
293 43532901 43926855
294 43928801 44108755
295 44108901 44381189
296 44381701 44695574
297 44695901 44983595
298 44983801 45265155
299 45265601 45557228
300 45557501 45850142
301 45850701 46155552
302 46155901 46491509
303 46493001 46818222
304 46823001 47169644
305 47170501 47409986
306 47410101 47629564
307 47630101 47883842
308 47884001 48134073
309 48134201 48375103
310 48375301 48648920
311 48649401 48875848
312 48876101 49190523
313 49191301 49498295
314 49501101 49812089
315 49814601 50162962
316 50168301 50575252
317 50592101 50985200
318 50987301 51326752
319 51326901 51565015
320 51565201 51871797
321 51874301 52156411
322 52156701 52454150
323 52457001 52764594
324 52766601 53061671
325 53062701 53371214
326 53371401 53786842
327 53811201 54142868
328 54143801 54478440
329 54478701 54856993
330 54857601 55168039
331 55168201 55435703
332 55435901 55688227
333 55688401 55952604
334 55952801 56155554
335 56155701 56355479
336 56355701 56595373
337 56598701 56844221
338 56844501 57140705
339 57140901 57418633
340 57419001 57706982
341 57707201 58021665
342 58022401 58360312
343 58364101 58641688
344 58641901 58850172
345 58850501 59062835
346 59063001 59302514
347 59302801 59636973
348 59638401 59985975
349 59988701 60305678
350 60308001 60583201
351 60585101 60831558
352 60831701 61083033
353 61083901 61328481
354 61329301 61692412
355 61695501 62051962
356 62056301 62263841
357 62264501 62477243
358 62477801 62808214
359 62808501 63130025
360 63131301 63403082
361 63403301 63660417
362 63661001 63917130
363 63917301 64152639
364 64152801 64342243
365 64343701 64577423
366 64577601 64854965
367 64859701 65228538
368 65230201 65583067
369 65584401 65930688
370 65933801 66294513
371 66299401 66685500
372 66689101 67059861
373 67062301 67414458
374 67414901 67678817
375 67679001 67906985
376 67907101 68106800
377 68107801 68329765
378 68330001 68544501
379 68549201 68884366
380 68884501 69207339
381 69207501 69479711
382 69480001 69752620
383 69752801 70035332
384 70035501 70091801
385 70091901 70413978
386 70414101 70455311
387 70456601 70888313
388 70912601 71362346
389 71385301 71793940
390 71795901 72168138
391 72168501 72462066
392 72467601 72629250
393 72629301 72838718
394 72844601 72941991
395 72942101 73333153
396 73335201 73607655
397 73608301 73803387
398 73803701 73992840
399 73992901 74235367
400 74236501 74461469
401 74461801 74697953
402 74699001 74893362
403 74893501 75080225
404 75080501 75322913
405 75323801 75668116
406 75668401 76034214
407 76034901 76356188
408 76357401 76662686
409 76663601 76965385
410 76965801 77253681
411 77254501 77509803
412 77510001 77744022
413 77744201 77997470
414 77997701 78182890
415 78183001 78423628
416 78423901 78646699
417 78646801 78913080
418 78917201 79256348
419 79259201 79614586
420 79618101 79802008
421 79802201 80098298
422 80099101 80362875
423 80365001 80622098
424 80623101 80860579
425 80860901 81079697
426 81079901 81384432
427 81384901 81669068
428 81670901 81998047
429 81998601 82299522
430 82299801 82670093
431 82674301 82999190
432 82999301 83244790
433 83249801 83458943
434 83459201 83687694
435 83688101 83917571
436 83917701 83928981
437 83929101 84153491
438 84154301 84415505
439 84415701 84667899
