40 1275601 1363767
41 1363901 1382509
42 1383101 1534596
43 1536401 1893248
44 1895501 2407056
45 2409101 2639594
46 2641901 3006905
47 3010101 3083624
48 3085901 3157515
49 3160101 3214903
50 3215001 3450792
51 3452701 3761972
52 3762001 3842071
53 3844001 3967495
54 3967601 4118152
55 4118301 4254016
56 4254201 4388363
57 4388501 4518581
58 4518801 4663594
59 4663801 4805392
62 4883201 4910199
63 4910801 5051971
64 5052101 5228614
65 5228801 5503332
66 5503601 5713527
67 5713901 5958122
68 5958401 6224606
69 6224901 6408806
70 6409101 6619810
71 6620101 6896920
72 6897201 7207210
73 7207701 7514653
74 7514901 7799907
75 7800201 8082526
76 8082901 8387180
77 8387501 8660320
78 8660601 8922287
79 8922501 9164636
80 9164901 9439682
81 9440001 9696362
82 9696601 9937924
83 9938201 10212667
84 10212901 10490364
85 10490701 10808216
86 10808501 11110137
87 11110601 11396713
88 11397001 11686111
89 11686401 11963624
90 11963901 12226436
91 12226801 12520768
92 12521001 12791626
93 12791901 13064899
94 13065101 13284836
95 13285001 13475611
96 13475901 13685556
97 13685701 13924761
98 13925001 14157820
99 14158101 14402057
100 14402301 14627678
101 14627901 14854258
102 14854501 15108524
103 15108801 15485582
104 15486001 15895858
105 15896401 16224317
106 16224601 16542923
107 16543301 16892597
108 16892901 17259350
109 17259601 17458285
110 17458701 17834988
111 17835301 18238280
112 18239801 18665462
113 18667101 19059531
114 19059701 19287633
115 19287901 19525522
116 19525801 19775398
117 19775701 20027178
118 20027401 20287312
119 20287601 20529923
120 20530101 20749459
121 20749701 20986820
122 20987001 21203966
123 21204101 21439685
124 21440001 21669775
125 21670001 21906542
126 21906801 22162635
127 22162901 22398767
128 22399101 22654413
129 22654701 22895802
130 22896101 23161685
131 23161901 23406608
132 23406801 23681314
133 23683701 24109576
134 24109701 24438610
135 24438901 24802634
136 24802901 25037799
137 25038001 25237134
138 25237301 25441207
139 25441401 25637712
140 25637901 25917970
141 25918301 26224957
142 26225301 26557546
143 26558001 26901335
144 26901601 27229060
145 27229401 27550094
146 27550401 27864937
147 27865201 28190659
148 28191001 28502979
149 28503301 28819391
150 28819701 29125970
151 29126301 29440243
152 29440501 29763183
153 29763501 30073254
154 30073501 30395604
155 30395901 30733848
156 30734101 31059362
157 31059701 31419319
158 31450701 31873000
159 31873101 32046292
160 32046401 32278925
161 32279001 32496651
162 32496901 32867016
163 32867501 33215386
164 33220601 33611235
165 33611601 33959465
166 33959801 34310947
167 34311401 34676908
168 34677301 35009839
169 35010101 35357216
170 35365501 35699531
171 35699901 36039049
172 36039301 36335259
173 36335601 36649428
174 36649801 37013709
175 37014101 37414805
176 37415301 37807595
177 37808001 38158903
178 38159501 38523847
179 38524201 38833365
180 38833701 39140997
181 39141301 39454336
182 39454601 39790744
183 39791101 40136090
184 40137501 40506735
185 40507201 40864671
186 40865101 41209197
187 41209501 41543918
188 41544301 41882656
189 41883001 42230106
190 42230501 42605264
191 42605601 42937544
192 42937801 43280613
193 43281201 43626646
194 43627001 43984134
195 43984601 44327713
196 44328101 44636059
197 44636301 44981276
198 44981601 45305500
199 45305801 45636882
200 45637201 45975132
201 45975501 46319062
202 46319401 46681910
203 46682301 47054697
204 47055001 47407091
205 47407401 47668243
206 47668501 48011042
207 48011401 48358975
208 48359301 48719914
209 48720301 49076112
210 49076401 49419570
211 49419901 49763436
212 49763801 50121998
213 50122401 50490964
214 50491301 50869486
215 50869801 51233570
216 51233901 51575223
217 51575601 51897046
218 51897401 52215800
219 52216101 52569842
220 52570101 52873208
221 52873601 53241017
222 53241401 53605534
223 53605901 53973439
224 53973801 54339999
225 54340401 54716309
226 54716701 55063502
227 55063801 55382769
228 55383201 55719540
229 55719901 56053493
230 56053801 56368567
231 56368901 56436780
232 56436901 56720559
233 56720901 57049209
234 57049501 57398720
235 57399001 57746797
236 57747201 58069002
237 58069301 58375551
238 58375901 58698580
239 58698901 59028402
240 59028701 59364895
241 59365201 59666362
242 59666601 59944094
243 59944501 60230441
244 60230701 60527726
245 60528001 60843180
246 60843501 61183573
247 61183901 61530034
248 61530401 61870250
249 61870601 62213726
250 62214101 62574338
251 62574701 62899581
252 62899901 63217533
253 63217901 63523338
254 63523601 63826646
255 63826901 64146241
256 64146501 64442107
257 64442401 64731609
258 64731901 65036350
259 65036701 65351028
260 65351301 65661939
261 65662201 65986520
262 65986901 66308208
263 66308501 66622210
264 66622501 66973087
265 66973401 67217019
266 67217301 67553719
267 67554001 67902537
268 67902801 68205673
269 68206001 68511774
270 68512101 68832854
271 68833201 69163616
272 69163901 69488506
273 69488801 69827181
274 69827501 70172217
275 70172601 70534433
276 70534801 70842684
277 70843001 71154219
278 71154501 71463813
279 71464201 71765856
280 71766201 72073425
281 72073801 72360666
282 72361001 72571360
283 72571601 72866226
284 72866601 73164210
285 73164501 73471419
286 73471701 73786919
287 73787301 74113938
288 74114201 74454962
289 74455401 74825364
290 74825701 75176017
291 75176301 75506707
292 75507001 75796246
293 75796501 76069911
294 76070201 76336912
295 76337201 76611822
296 76612101 76888674
297 76888901 77190620
298 77190901 77506848
299 77507201 77677894
300 77678201 77982779
301 77983101 78292763
302 78293101 78597530
303 78598001 78895020
304 78895301 79179984
305 79180301 79452194
306 79452501 79724907
307 79725201 80003823
308 80004101 80295015
309 80295301 80604264
310 80604601 80942753
311 80943901 81264977
312 81265301 81515782
313 81516101 81827572
314 81827901 82135189
315 82135501 82484514
316 82484801 82785729
317 82786001 83037802
318 83038101 83321488
319 83321801 83600975
320 83601301 83768379
321 83768401 84058369
322 84058701 84375803
323 84376201 84711973
324 84712301 85035531
325 85035801 85371087
326 85371501 85709045
327 85709401 86030379
328 86030701 86348924
329 86349201 86649877
330 86650201 86958067
331 86958401 87242388
332 87242601 87402009
333 87402101 87691957
334 87692301 87996098
335 87996401 88318877
336 88319201 88637295
337 88637601 88957607
338 88957901 89280243
339 89280501 89605373
340 89605801 89901658
341 89901901 90198263
342 90198601 90498453
343 90498701 90819956
344 90820201 91136037
345 91136401 91454743
346 91455001 91740604
347 91740901 92033705
348 92034001 92314270
349 92314701 92647834
350 92648101 93012089
351 93012401 93346004
352 93346301 93676700
353 93677001 93993924
354 93994301 94308640
355 94309001 94611722
356 94612101 94909977
357 94910301 95205168
358 95205501 95500576
359 95500901 95807938
360 95808201 96128750
361 96129001 96458835
362 96459201 96850065
363 96850401 97223179
364 97223501 97568764
365 97569101 97890905
366 97891401 98204175
367 98204501 98329399
